3    73490
2    72206
1    50843
Name: 时间, dtype: int64
miss 0
*************************************
5512    1880
1085    1155
5208    1136
6221    1066
6011    1020
1532    1002
5884     921
1728     862
3801     838
157      823
1039     812
6012     809
3813     747
5239     722
1195     714
17       697
3378     681
621      670
5199     649
2150     649
472      626
5814     623
1060     618
5203     617
2644     592
25       590
173      586
4843     575
3291     574
1427     554
        ... 
6341       1
6213       1
4164       1
6087       1
5141       1
5703       1
1605       1
3350       1
6292       1
4117       1
4421       1
2374       1
1224       1
5066       1
840        1
1046       1
712        1
456        1
6475       1
5396       1
2249       1
6085       1
3607       1
1735       1
3782       1
5829       1
1351       1
711        1
327        1
0          1
Name: 小区名, Length: 5547, dtype: int64
miss 0
*************************************
0.019531    6152
0.015625    6137
0.011719    5962
0.023438    5940
0.027344    5894
0.035156    5705
0.031250    5663
0.039062    5477
0.007812    5454
0.042969    5058
0.046875    4921
0.050781    4599
0.054688    4394
0.058594    4352
0.070312    4066
0.062500    3994
0.066406    3903
0.074219    3851
0.085938    3495
0.078125    3351
0.093750    3245
0.082031    3181
0.109375    3002
0.089844    2946
0.117188    2907
0.113281    2821
0.128906    2738
0.097656    2686
0.125000    2671
0.101562    2571
            ... 
0.425781     143
0.824219     135
0.894531     134
0.562500     132
0.378906     129
0.683594     127
0.546875     126
0.617188     123
0.511719     122
0.605469     121
0.941406     119
0.468750     109
0.542969     109
0.656250     105
0.929688     101
0.531250      98
0.445312      98
0.382812      93
0.925781      86
0.515625      74
0.449219      70
0.953125      64
0.433594      39
0.453125      37
0.523438      27
0.519531      21
0.890625      12
0.500000      11
0.765625       6
0.410156       4
Name: 小区房屋出租数量, Length: 154, dtype: int64
miss 1001
*************************************
0    75825
2    67069
1    53645
Name: 楼层, dtype: int64
miss 0
*************************************
0.309091    18865
0.563636    17068
0.581818    14930
0.600000    12122
0.109091    10370
0.090909    10179
0.545455     9732
0.381818     6790
0.454545     6780
0.181818     5930
0.527273     5643
0.509091     5535
0.290909     5443
0.363636     5412
0.272727     5264
0.345455     4988
0.472727     4847
0.418182     4191
0.490909     3885
0.400000     3630
0.436364     3326
0.254545     2830
0.618182     2806
0.690909     2546
0.327273     2444
0.218182     2407
0.200000     2391
0.236364     1897
0.145455     1689
0.727273     1509
0.072727     1284
0.654545     1141
0.163636     1069
0.709091     1052
0.127273     1006
0.672727      901
0.890909      750
0.636364      650
0.054545      552
0.981818      370
0.745455      353
0.836364      345
0.781818      306
0.872727      286
0.036364      254
0.909091      215
0.763636      156
0.945455      135
0.800000       76
0.854545       66
0.000000       45
1.000000       30
0.818182       24
0.018182       21
0.963636        3
Name: 总楼层, dtype: int64
miss 0
*************************************
0.014068    7781
0.014234    4034
0.013903    3766
0.012579    3183
0.013572    3103
0.013406    2632
0.012248    2626
0.009268    2575
0.013737    2539
0.010924    2400
0.011751    2254
0.007613    2153
0.006786    2106
0.012413    1984
0.011255    1874
0.013241    1845
0.012082    1814
0.011586    1759
0.013075    1758
0.010593    1680
0.012910    1672
0.014399    1602
0.011917    1532
0.007779    1491
0.014730    1472
0.014565    1454
0.008441    1356
0.012744    1356
0.010096    1332
0.019199    1330
            ... 
0.024144       1
0.008247       1
0.055248       1
0.008959       1
0.010755       1
0.010089       1
0.029196       1
0.034662       1
0.006271       1
0.009643       1
0.016809       1
0.003889       1
0.028492       1
0.022810       1
0.015410       1
0.008115       1
0.005316       1
0.007398       1
0.020791       1
0.015271       1
0.007486       1
0.019573       1
0.020146       1
0.008641       1
0.010010       1
0.016443       1
0.020161       1
0.008105       1
0.011501       1
0.015771       1
Name: 房屋面积, Length: 7848, dtype: int64
miss 0
*************************************
南              54770
东南             54359
东              31962
西南             17470
北              10428
西               9799
西北              5179
南 北             4003
东北              3287
东南 南             848
东 东南             823
东 西              741
南 西南             423
东 南              401
东南 西南            240
南 西              215
东南 西北            152
西南 西             122
东 北              103
西 西北              87
南 西南 北            86
西 北               84
西南 西北             74
东南 南 西南           70
东南 东北             69
东 东北              67
南 西北              59
西北 北              59
东南 西              57
北 东北              57
               ...  
东 西北              35
东 南 西 北           35
南 东               24
西北 东北             23
东 东南 南            18
南 东北              16
东南 南 北            13
东 东南 西南           11
东南 西南 西北          11
东 南 西             11
南 西 北             11
东 南 北              8
南 西南 西             7
东 西 北              7
东 西北 北             6
北 南                5
西 西北 北             5
东南 西南 西            4
东 东南 南 西南 西        4
东 南 西北 北           4
东 东南 北             2
东 西 东北             2
东南 西 北             1
北 西                1
东南 南 西南 西          1
东 南 西南             1
南 西南 西 西北          1
东 西南 北             1
南 北 东北             1
西南 西 东北            1
Name: 房屋朝向, Length: 64, dtype: int64
miss 0
*************************************
3.0    17087
1.0     2483
2.0      568
Name: 居住状态, dtype: int64
miss 176401
*************************************
2     79626
3     63040
1     42387
4      9380
5      1554
6       311
7       138
9        39
8        34
0        22
10        6
11        2
Name: 卧室数量, dtype: int64
miss 0
*************************************
1    106781
2     73557
0     15706
3       466
4        17
5        10
8         2
Name: 厅的数量, dtype: int64
miss 0
*************************************
1    150784
2     41051
0      2376
3      1833
4       384
5        78
6        17
7        13
8         3
Name: 卫的数量, dtype: int64
miss 0
*************************************
1.0    21814
0.0     2416
Name: 出租方式, dtype: int64
miss 172309
*************************************
12.0    36880
10.0    27464
3.0     24132
6.0     20402
11.0    18804
9.0     18480
1.0     15897
8.0      7874
14.0     6536
0.0      6533
4.0      5722
7.0      4363
13.0     3417
2.0         4
Name: 区, dtype: int64
miss 31
*************************************
52.0     9171
5.0      6541
38.0     4916
71.0     4406
137.0    4324
40.0     4246
89.0     3973
143.0    3765
22.0     3605
62.0     3453
51.0     3444
109.0    3233
33.0     3150
48.0     3145
43.0     2933
94.0     2933
15.0     2908
150.0    2743
3.0      2521
31.0     2461
39.0     2437
135.0    2375
19.0     2281
53.0     2156
69.0     2149
102.0    2076
4.0      2021
66.0     2008
78.0     1995
17.0     1984
         ... 
1.0       417
27.0      396
141.0     375
87.0      360
151.0     360
132.0     354
112.0     346
81.0      338
117.0     323
56.0      306
99.0      275
34.0      267
8.0       265
131.0     258
152.0     246
7.0       216
88.0      208
101.0     157
140.0     127
147.0      99
139.0      98
92.0       94
32.0       45
111.0      17
70.0       11
65.0        3
21.0        1
25.0        1
149.0       1
46.0        1
Name: 位置, Length: 152, dtype: int64
miss 31
*************************************
5.0    26577
4.0    20002
1.0    17189
3.0    15375
2.0    12635
Name: 地铁线路, dtype: int64
miss 104761
*************************************
9.0      3039
75.0     2576
107.0    2497
119.0    2337
74.0     2107
23.0     2003
88.0     1997
59.0     1988
83.0     1973
4.0      1945
72.0     1879
17.0     1824
96.0     1785
27.0     1737
86.0     1709
70.0     1686
7.0      1667
14.0     1611
33.0     1584
89.0     1442
114.0    1439
64.0     1336
57.0     1271
90.0     1249
66.0     1234
6.0      1184
56.0     1155
113.0    1141
22.0     1140
11.0     1133
         ... 
32.0      288
91.0      288
63.0      275
85.0      237
34.0      234
30.0      216
8.0       203
28.0      174
21.0      162
116.0     157
112.0     142
117.0     120
94.0      117
118.0      79
51.0       72
73.0       66
102.0      63
100.0      58
25.0       47
71.0       42
54.0       32
62.0       30
24.0       26
26.0       15
52.0        9
106.0       7
108.0       4
99.0        3
110.0       2
81.0        1
Name: 地铁站点, Length: 118, dtype: int64
miss 104761
*************************************
0.535000    1031
0.718333     889
0.228333     751
0.400000     558
0.514167     511
0.356667     486
0.420833     472
0.364167     469
0.515000     468
0.345833     467
0.346667     442
0.850833     420
0.554167     418
0.234167     409
0.759167     398
0.755833     368
0.859167     366
0.357500     363
0.009167     355
0.315833     355
0.377500     336
0.614167     334
0.724167     314
0.840833     298
0.360833     280
0.675000     278
0.336667     278
0.699167     277
0.217500     269
0.118333     258
            ... 
0.081667       2
0.096667       2
0.734167       2
0.218333       2
0.047500       2
0.097500       2
0.103333       2
0.258333       2
0.100833       2
0.004167       2
0.065000       2
0.108333       2
0.195833       2
0.794167       2
0.021667       2
0.136667       1
0.077500       1
0.078333       1
0.180000       1
0.083333       1
0.179167       1
0.114167       1
0.030000       1
0.089167       1
0.002500       1
0.054167       1
0.134167       1
0.135833       1
0.060833       1
0.010000       1
Name: 距离, Length: 1155, dtype: int64
miss 104761
*************************************
2.0    9265
6.0    7293
1.0    1154
4.0     542
3.0     214
5.0      24
Name: 装修情况, dtype: int64
miss 178047
*************************************
5.602716      15096
4.923599      12481
7.300509      11872
6.281834      10608
8.998302       9787
3.904924       9186
4.244482       8898
6.621392       8061
8.319185       8037
7.640068       7968
6.960951       6636
10.696095      6318
4.584041       6086
9.677419       4395
5.942275       4373
3.565365       4366
3.225806       3969
2.886248       3951
5.263158       3926
12.393888      3456
7.979626       3365
14.091681      2850
11.714771      2606
10.016978      2561
2.207131       2474
15.789474      2191
11.035654      2110
17.487267      1502
19.185059      1422
13.073005      1242
              ...  
4.617997          1
81.154499         1
10.471986         1
47.191851         1
37.181664         1
9.460102          1
13.616299         1
16.471986         1
8.139219          1
1.290323          1
15.619694         1
13.582343         1
17.370458         1
10.130153         1
11.100170         1
11.103565         1
17.340577         1
100.000000        1
16.298812         1
6.957555          1
7.524618          1
5.025467          1
12.563667         1
57.894737         1
12.119525         1
13.344652         1
5.466893          1
17.351443         1
1.935484          1
6.278438          1
Name: 月租金, Length: 419, dtype: int64
miss 0
*************************************
